0 	 1
0.2 	 1.1385
0.4 	 1.26942
0.6 	 1.3852
0.8 	 1.47825
1 	 1.54101
1.2 	 1.5659
1.4 	 1.54534
1.6 	 1.47679
1.8 	 1.38521
2 	 1.30493
2.2 	 1.27026
2.4 	 1.31555
2.6 	 1.46974
2.8 	 1.71121
3 	 1.99057
3.2 	 2.26439
3.4 	 2.56718
3.6 	 2.98638
3.8 	 3.58753
4 	 4.30892
4.2 	 5.04505
4.4 	 5.69037
4.6 	 6.14101
4.8 	 6.36022
5 	 6.399
5.2 	 6.31428
5.4 	 6.16299
5.6 	 6.00207
5.8 	 5.88844
6 	 5.87446
6.2 	 5.96486
6.4 	 6.13619
6.6 	 6.36462
6.8 	 6.62632
7 	 6.89748
7.2 	 7.15427
7.4 	 7.37322
7.6 	 7.549
7.8 	 7.70265
8 	 7.85726
8.2 	 8.03596
8.4 	 8.26183
8.6 	 8.55688
8.8 	 8.92031
9 	 9.33011
9.2 	 9.76343
